target = zeros(10,1500);

target(1,1:150) = 1;
